[[1.28691058e+000 7.07867042e-003 1.17804438e-009 5.93168735e-021
  9.03652577e-037 4.16515695e-057 5.80855212e-082 2.45081794e-111
  3.12867786e-145 1.20841829e-183 1.41214850e-226 4.99286803e-274
  0.00000000e+000 0.00000000e+000 0.00000000e+000]
 [1.75234336e-001 6.43455291e-001 1.75234336e-001 3.53933521e-003
  5.30183059e-006 5.89022190e-010 4.85332222e-015 2.96584367e-021
  1.34418500e-028 4.51826288e-037 1.12638175e-046 2.08257848e-057
  2.85574092e-069 2.90427606e-082 2.19057761e-096]
 [4.24777912e-002 2.40636122e-001 4.28970194e-001 2.40636122e-001
  4.24777912e-002 2.35955681e-003 4.12445294e-005 2.26866135e-007
  3.92681460e-010 2.13884112e-013 3.66592908e-017 1.97722912e-021
  3.35580981e-026 1.79227681e-031 3.01217526e-037]
 [1.72371416e-002 8.76171678e-002 2.32414697e-001 3.21727645e-001
  2.32414697e-001 8.76171678e-002 1.72371416e-002 1.76966760e-003
  9.48131484e-005 2.65091529e-006 3.86788495e-008 2.94511095e-010
  1.17025414e-012 2.42666111e-015 2.62596231e-018]
 [9.21375145e-003 3.95479123e-002 1.11954847e-001 2.09023204e-001
  2.57382116e-001 2.09023204e-001 1.11954847e-001 3.95479123e-002
  9.21375145e-003 1.41573408e-003 1.43469356e-004 9.58890188e-006
  4.22679190e-007 1.22881110e-008 2.35608876e-010]
 [5.78405961e-003 2.12388956e-002 5.84114452e-002 1.20318061e-001
  1.85622470e-001 2.14485097e-001 1.85622470e-001 1.20318061e-001
  5.84114452e-002 2.12388956e-002 5.78405961e-003 1.17977840e-003
  1.80233275e-004 2.06222647e-005 1.76727686e-006]
 [4.02104085e-003 1.29298916e-002 3.36219459e-002 7.07004813e-002
  1.20224633e-001 1.65324080e-001 1.83844369e-001 1.65324080e-001
  1.20224633e-001 7.07004813e-002 3.36219459e-002 1.29298916e-002
  4.02104085e-003 1.01123863e-003 2.05655526e-004]
 [2.99539897e-003 8.61857078e-003 2.10767397e-002 4.38085839e-002
  7.73931640e-002 1.16207349e-001 1.48303768e-001 1.60863823e-001
  1.48303768e-001 1.16207349e-001 7.73931640e-002 4.38085839e-002
  2.10767397e-002 8.61857078e-003 2.99539897e-003]]
[[9.39216424e-01 0.00000000e+00 0.00000000e+00 0.00000000e+00
  0.00000000e+00 0.00000000e+00 0.00000000e+00 0.00000000e+00
  0.00000000e+00 0.00000000e+00 0.00000000e+00 0.00000000e+00
  0.00000000e+00 0.00000000e+00 0.00000000e+00]
 [0.00000000e+00 8.01790924e-01 0.00000000e+00 0.00000000e+00
  0.00000000e+00 0.00000000e+00 0.00000000e+00 0.00000000e+00
  0.00000000e+00 0.00000000e+00 0.00000000e+00 0.00000000e+00
  0.00000000e+00 0.00000000e+00 0.00000000e+00]
 [0.00000000e+00 0.00000000e+00 6.19190816e-01 0.00000000e+00
  0.00000000e+00 0.00000000e+00 0.00000000e+00 0.00000000e+00
  0.00000000e+00 0.00000000e+00 0.00000000e+00 0.00000000e+00
  0.00000000e+00 0.00000000e+00 0.00000000e+00]
 [1.77231397e-02 7.30606759e-02 1.38579081e-01 2.81417879e-01
  1.74082205e-01 6.77729426e-02 1.64066600e-02 2.04670836e-03
  1.73226592e-04 6.16880539e-06 1.53927534e-07 2.34951426e-09
  2.00447895e-11 1.04411635e-13 3.48383208e-16]
 [7.46951525e-03 2.60015089e-02 5.26329245e-02 1.44157857e-01
  1.52002129e-01 1.27480027e-01 8.40191614e-02 3.60635387e-02
  1.32728137e-02 2.59757095e-03 4.50176089e-04 6.03150667e-05
  5.70837759e-06 4.16874571e-07 2.46456846e-08]
 [2.44175850e-02 7.27144865e-02 1.42996885e-01 4.32104375e-01
  5.70841939e-01 6.81175139e-01 7.25404113e-01 5.71333412e-01
  4.38165804e-01 2.02923192e-01 9.45083234e-02 3.86430504e-02
  1.26750833e-02 3.64309637e-03 9.62648755e-04]
 [1.31188117e-03 3.42113300e-03 6.36117781e-03 1.96230394e-02
  2.85735927e-02 4.05773655e-02 5.55246543e-02 6.06709755e-02
  6.96979580e-02 5.22045299e-02 4.24566974e-02 3.27304448e-02
  2.18544760e-02 1.38061955e-02 8.65744436e-03]
 [9.86145469e-03 2.30112718e-02 4.02391146e-02 1.22696850e-01
  1.85611246e-01 2.87813803e-01 4.51978745e-01 5.95708151e-01
  8.67579087e-01 8.65864044e-01 9.86180155e-01 1.11904238e+00
  1.15594092e+00 1.18736957e+00 1.27243116e+00]]
